         243
         205
          93
         173
         134
          30
         148
         180
         196
          10
           6
         159
          43
           2
         172
         214
          54
          70
         104
          62
         206
         154
          68
          23
         150
         198
         179
         134
          87
         255
         113
         196
           8
         219
          35
          75
          57
          29
          99
         103
          90
         238
         142
         229
         205
         176
          28
          60
         242
          18
          62
          46
          96
         209
         202
         106
          55
          85
         224
          56
         251
          52
         230
         241
         149
         253
          40
          45
         139
         192
         172
          93
         143
         204
         188
          72
          16
          52
          82
         109
         182
         182
          15
         233
          62
         165
          53
          53
         216
         137
         128
         193
         110
         177
         200
         168
          51
          39
          26
         247
           9
          85
         237
          12
         168
         129
          53
          58
         174
          11
         158
         180
          25
         178
         246
         103
         189
          28
         164
         209
         151
         127
         219
          76
         132
         143
          71
          45
          32
         179
          11
         200
         213
         201
         247
          16
         234
          17
          25
          19
         170
         146
         197
          61
         147
         128
         207
          88
         198
         165
